age,survivors,deaths,death_per_thousand,years_lived,projection_probability,life_expectancy
0,100000,339,3.38721,99681,0.9997211,83.389
1,99661,16,0.15683,99653,0.9998479,82.671
2,99646,15,0.14743,99638,0.9998573,81.683
3,99631,14,0.13804,99624,0.9998667,80.695
4,99617,13,0.12864,99611,0.9998846,79.707
5,99604,10,0.10225,99599,0.9999004,78.717
6,99594,10,0.09685,99589,0.9999059,77.725
7,99585,9,0.09145,99580,0.9999113,76.732
8,99575,9,0.08604,99571,0.9999167,75.739
9,99567,8,0.08064,99563,0.999929,74.746
10,99559,6,0.0613,99556,0.9999409,73.752
11,99553,6,0.05685,99550,0.9999454,72.756
12,99547,5,0.0524,99544,0.9999429,71.76
13,99542,6,0.06171,99539,0.9999268,70.764
14,99536,8,0.08478,99532,0.9998849,69.768
15,99527,14,0.14544,99520,0.999839,68.774
16,0,0,809.16477,0,0.1871746,0.728
16,99513,18,0.17649,99504,0.999808,67.784
17,99495,21,0.20754,99485,0.9997759,66.796
18,99475,24,0.24075,99463,0.9997416,65.81
19,99451,27,0.2761,99437,0.9997004,64.825
20,99423,32,0.3232,99407,0.9996582,63.843
21,99391,36,0.3605,99373,0.9996209,62.864
22,99355,40,0.39778,99335,0.9995973,61.886
23,99316,40,0.4076,99295,0.9996012,60.911
24,99275,39,0.38999,99256,0.9996485,59.935
25,99237,31,0.31309,99221,0.9996933,58.958
26,99205,30,0.30039,99191,0.999706,57.977
27,99176,29,0.28769,99161,0.9997102,56.994
28,99147,29,0.29181,99133,0.9996977,56.01
29,99118,31,0.31274,99103,0.9996621,55.026
30,99087,36,0.36298,99069,0.9996257,54.044
31,99051,38,0.3856,99032,0.9996031,53.063
32,99013,40,0.40821,98993,0.999578,52.083
33,98973,43,0.43583,98951,0.9995479,51.104
34,98929,46,0.46846,98906,0.9995159,50.126
35,98883,49,0.49971,98858,0.999484,49.15
36,98834,53,0.53223,98807,0.9994515,48.174
37,98781,56,0.56475,98753,0.9994142,47.199
38,98725,60,0.60691,98695,0.9993672,46.226
39,98665,65,0.65872,98633,0.9993183,45.254
40,98600,69,0.70462,98566,0.9992697,44.283
41,98531,74,0.75604,98494,0.9992183,43.314
42,98456,79,0.80746,98417,0.999154,42.346
43,98377,87,0.88455,98333,0.9990641,41.38
44,98290,97,0.98732,98241,0.9989571,40.416
45,98193,108,1.09855,98139,0.9988496,39.456
46,98085,118,1.20234,98026,0.9987458,38.499
47,97967,128,1.30612,97903,0.9986217,37.544
48,97839,142,1.4506,97768,0.9984569,36.593
49,97697,160,1.63575,97617,0.9982559,35.645
50,97537,181,1.85266,97447,0.998053,34.703
51,97357,199,2.04142,97257,0.9978643,33.766
52,97158,217,2.23008,97050,0.9976614,32.834
53,96941,237,2.44738,96823,0.9974298,31.907
54,96704,260,2.69334,96574,0.9972059,30.984
55,96444,279,2.89516,96304,0.996984,30.066
56,96164,302,3.13729,96013,0.9967419,29.152
57,95863,324,3.37928,95701,0.9964591,28.242
58,95539,354,3.70303,95362,0.9960946,27.336
59,95185,391,4.10843,94989,0.9956852,26.436
60,94794,429,4.52209,94580,0.9952756,25.543
61,94365,465,4.92773,94133,0.9948701,24.657
62,93900,501,5.33301,93650,0.9944,23.776
63,93399,548,5.86847,93125,0.9938001,22.901
64,92851,607,6.53325,92548,0.9931805,22.033
65,92245,656,7.10771,91917,0.9925652,21.175
66,91589,711,7.76423,91233,0.9919103,20.323
67,90878,765,8.41774,90495,0.9910836,19.478
68,90113,849,9.41929,89689,0.989909,18.639
69,89264,961,10.769,88783,0.9884845,17.812
70,88303,1083,12.27003,87761,0.9870494,17
71,87219,1190,13.63954,86625,0.9856819,16.205
72,86030,1291,15.00609,85384,0.9840576,15.422
73,84739,1431,16.89305,84023,0.9819165,14.649
74,83307,1607,19.29446,82504,0.9796145,13.893
75,81700,1756,21.49802,80822,0.9773419,13.156
76,79944,1906,23.8437,78990,0.9750078,12.434
77,78037,2042,26.16875,77016,0.9721079,11.726
78,75995,2254,29.66179,74868,0.9680407,11.027
79,73741,2531,34.32709,72475,0.9633215,10.349
80,71210,2785,39.11341,69817,0.9585915,9.699
81,68424,2997,43.79693,66926,0.9539205,9.074
82,65428,3171,48.46659,63842,0.9481548,8.466
83,62257,3449,55.39584,60532,0.9401502,7.872
84,58808,3797,64.56486,56909,0.9308801,7.304
85,55011,4070,73.98942,52976,0.9216424,6.774
86,50941,4232,83.07488,48825,0.9126092,6.275
87,46709,4302,92.09783,44558,0.9017955,5.799
88,42407,4450,104.93058,40182,0.8872211,5.336
89,37957,4614,121.5472,35650,0.8692094,4.903
90,33344,4712,141.31298,30988,0.8509563,4.512
91,28632,4525,158.04674,26369,0.8343691,4.173
92,24107,4210,174.63864,22002,0.816983,3.862
93,19897,3843,193.16815,17975,0.7976943,3.574
94,16053,3429,213.631,14339,0.7785223,3.309
95,12624,2922,231.45606,11163,0.7598689,3.073
96,9702,2439,251.41878,8482,0.7401026,2.847
97,7263,1970,271.22361,6278,0.7188396,2.636
98,5293,1560,294.79518,4513,0.6938895,2.431
99,3733,1202,322.15583,3131,0.6660448,2.238
100,2530,889,351.36235,2086,0.6379243,2.064
101,1641,621,378.59252,1330,0.611016,1.911
102,1020,414,405.70656,813,0.5833452,1.77
103,606,264,435.07719,474,0.5534835,1.637
104,342,160,466.76579,262,0.5214155,1.513
105,183,91,500.7487,137,0.4886947,1.399
106,91,49,532.45002,67,0.4574559,1.3
107,43,24,564.13332,31,0.4265647,1.212
108,19,11,594.77679,13,0.3966594,1.133
109,8,5,624.47408,5,0.3671791,1.061
110,3,2,655.04777,2,0.337291,0.995
111,1,1,684.91851,1,0.3079197,0.935
112,0,0,714.81042,0,0.2793387,0.881
113,0,0,741.177,0,0.2541203,0.836
114,0,0,764.04937,0,0.2317081,0.798
115,0,0,786.2723,0,0.2096965,0.763
117,0,0,832.00764,0,0.165266,0.697
118,0,0,850.96336,0,0.1470779,0.672
119,0,0,866.06502,0,0.132684,0.653
